SKYSAT-1
1 39418U 13066C   19126.18813839  .00000529  00000-0  48503-4 0  9991
2 39418  97.6534 208.8335 0023229 128.9473 231.3825 14.98826113298121
SKYSAT-2
1 40072U 14037D   19127.50073036  .00000056  00000-0  14770-4 0  9996
2 40072  98.4212 279.1897 0006489  11.0402 349.0950 14.81173611261012
SKYSAT-C1
1 41601U 16040C   19127.51657618  .00000664  00000-0  30917-4 0  9992
2 41601  97.4081 206.6839 0001865  81.1477 335.7789 15.23347270159646
SKYSAT-C4
1 41771U 16058B   19127.19665919  .00000531  00000-0  25271-4 0  9996
2 41771  97.4029 198.8964 0001248  94.1146 266.0234 15.23373740146546
SKYSAT-C5
1 41772U 16058C   19127.29047638  .00000609  00000-0  28583-4 0  9995
2 41772  97.4021 198.5520 0001458  91.1003 353.6723 15.23329568146541
SKYSAT-C2
1 41773U 16058D   19127.23640530  .00000542  00000-0  25749-4 0  9997
2 41773  97.4051 199.0803 0001917  94.4771 265.6685 15.23355676146541
SKYSAT-C3
1 41774U 16058E   19127.24897041  .00000535  00000-0  25483-4 0  9997
2 41774  97.4061 199.0942 0001643  87.8639 272.2786 15.23323750146546
SKYSAT-C11
1 42987U 17068A   19126.94078229  .00000486  00000-0  24551-4 0  9991
2 42987  97.4265 241.1309 0009372  18.2956 341.8615 15.21698411 83891
SKYSAT-C10
1 42988U 17068B   19127.52291338  .00000580  00000-0  28600-4 0  9999
2 42988  97.4261 241.5968 0004988  47.2108 312.9546 15.21781593 83988
SKYSAT-C9
1 42989U 17068C   19127.11858350  .00000481  00000-0  24309-4 0  9990
2 42989  97.4279 241.6493 0001462 100.6442 259.4959 15.21663430 83949
SKYSAT-C8
1 42990U 17068D   19127.56544325  .00000495  00000-0  24939-4 0  9999
2 42990  97.4290 241.9856 0005510  71.2893 288.8941 15.21693777 84003
SKYSAT-C7
1 42991U 17068E   19127.35747494  .00000548  00000-0  27282-4 0  9992
2 42991  97.4283 241.7961 0007548  75.6430 284.5644 15.21701621 83975
SKYSAT-C6
1 42992U 17068F   19127.54469803  .00000528  00000-0  26361-4 0  9994
2 42992  97.4285 242.1729 0013102 121.9177 238.3335 15.21731005 84010
SKYSAT-C12
1 43797U 18099AR  19127.34198122  .00000567  00000-0  45346-4 0  9991
2 43797  97.6350 199.8971 0018066 178.8646 181.2624 15.03991843 23111
SKYSAT-C13
1 43802U 18099AW  19127.22237183  .00000484  00000-0  24996-4 0  9992
2 43802  97.4271 200.1901 0001244 228.9411 131.1717 15.20888384 22923